%YAML:1.0
description: ANGER
samples:
   - !!opencv-matrix
      rows: 198
      cols: 1
      dt: d
      data: [ -2.0241343779592928e+01, -1.9532131086942162e+01,
          -1.8481441839509500e+01, -1.7173407472223374e+01,
          -1.5319890218653532e+01, -1.2397451976455937e+01,
          -8.4970296952405349e+00, -3.8386766038096858e+00,
          1.4539699776718837e+00, 6.7719853669038601e+00,
          1.1281719704090095e+01, 1.4840202523576203e+01,
          1.7253703595613420e+01, 1.8388519686729293e+01,
          1.8887151632443913e+01, 1.9103375039395136e+01,
          1.8956317535694581e+01, -1.7121089080619708e+01,
          -1.4872058573475220e+01, -1.1960740524419430e+01,
          -8.9150733534295927e+00, -5.9473750043535656e+00,
          3.3582070828135380e+00, 6.1114283416191473e+00,
          9.0348375602678228e+00, 1.1992773032060324e+01,
          1.4562690924019353e+01, -6.9002103841748197e-01,
          -3.7508165827898549e-01, -6.5574195093224041e-02,
          2.3146498855770148e-01, -2.9482187129043331e+00,
          -1.2786395998092277e+00, 4.7321561509229942e-01,
          2.1439084757508211e+00, 3.6808616365404205e+00,
          -1.3184508217726711e+01, -1.1244644300731268e+01,
          -8.9356729299225623e+00, -6.8620081076306469e+00,
          -8.9133003480686792e+00, -1.1103668351445540e+01,
          4.9837921538710050e+00, 6.9113160384770849e+00,
          9.2464263077689548e+00, 1.1377608794179693e+01,
          9.3721343614163342e+00, 7.1488842678988584e+00,
          -6.1176114058631983e+00, -4.4914874825033611e+00,
          -2.1921156116659724e+00, 5.2195787256019022e-01,
          3.1801755488709595e+00, 5.6148114849312298e+00,
          7.4577535503364114e+00, 5.8782831492089898e+00,
          3.6379231403039909e+00, 8.7705793709837687e-01,
          -1.8954068609222823e+00, -4.2639395267092519e+00,
          -2.3521852592657688e+00, 6.1929948436625626e-01,
          3.5357163984122630e+00, 3.6649817777124749e+00,
          7.3799681784355620e-01, -2.2758163853973543e+00,
          -6.1393808087175055e+00, -8.1618241225586363e-01,
          4.4683873434793941e+00, 9.5017949514347269e+00,
          1.4059542214874522e+01, 1.8011550897170373e+01,
          2.1208509473096733e+01, 2.3373247114095236e+01,
          2.3707536021132608e+01, 2.2914964243321503e+01,
          2.0346713591201102e+01, 1.6725518068980147e+01,
          1.2399418064756997e+01, 7.5317656072285786e+00,
          2.2305490057440478e+00, -3.2755723387579434e+00,
          -8.7748340372471798e+00, -1.3481973084518513e+01,
          -1.5617411795391227e+01, -1.6593874708622952e+01,
          -1.6662794364664300e+01, -1.6149484427272402e+01,
          -1.6866462488116028e+01, -1.7841160483081445e+01,
          -1.8264937532090343e+01, -1.7875267148389053e+01,
          -1.6295913755722776e+01, -1.1838917465227587e+01,
          -9.0145489257411100e+00, -6.2072639498720772e+00,
          -3.3904580735816290e+00, 8.9220858560919913e-01,
          1.2756827203071841e+00, 1.3333045469116747e+00,
          1.0239621385841149e+00, 3.9425309128245634e-01,
          -9.6486847458794518e+00, -1.0828508784597535e+01,
          -1.1101570160405378e+01, -1.0373184258485470e+01,
          -9.7067654837290611e+00, -9.4082210480250641e+00,
          -1.1211310912358840e+01, -1.2302998963880599e+01,
          -1.2436322740156013e+01, -1.1601343353220038e+01,
          -1.0986945700365242e+01, -1.0918801435520235e+01,
          8.7249937014638750e+00, 6.3916257985275964e+00,
          4.7836938642323172e+00, 4.6351298226129076e+00,
          4.4329631549852344e+00, 5.7403837293086610e+00,
          7.8555176179694168e+00, 9.9117788654745898e+00,
          1.1299868737371691e+01, 1.1731424043637194e+01,
          1.1616243654275271e+01, 1.0512981351718221e+01,
          7.0964328371260388e+00, 6.6506579625184514e+00,
          6.7299339402488938e+00, 8.4313551568215175e+00,
          8.8874594335077770e+00, 8.7998552561836831e+00,
          2.1347992044226686e+01, 2.0886833005108890e+01,
          2.0516172969728796e+01, 1.8480546990184795e+01,
          1.3623711118368337e+01, 8.0991939631335139e+00,
          3.3666822028026382e+00, -8.5554337078176013e-01,
          -4.5621072689538229e+00, -8.6586603466893486e-01,
          3.3560843111696688e+00, 8.1065288173155210e+00,
          1.3684693862375800e+01, 1.8627973005329537e+01,
          2.0666428853705089e+01, 2.1122743194093253e+01,
          2.1603766474069836e+01, 4.7181458299313889e-02,
          -1.6207214599055884e+00, -3.0083136011449612e+00,
          -4.4071694722775074e+00, -5.6934715300854348e+00,
          -5.5549265110632957e+00, -4.2217982135991043e+00,
          -2.8099965014879213e+00, -1.3910128458717395e+00,
          2.9812718956609752e-01, -4.9556451714927583e+00,
          -7.8395291474476734e+00, -1.0707241436308278e+01,
          -1.3354993880021659e+01, -6.5036620330985171e+00,
          -7.2873551457306798e+00, -7.9715776680004327e+00,
          -7.2164614554144233e+00, -6.4453961360294425e+00,
          -8.6790969104546212e-01, -1.0978637260064699e+00,
          -1.2753969842339592e+00, -1.2896455797545943e+00,
          -1.2695811402352779e+00, -1.1085587335940588e+00,
          -9.6769800135005424e-01, -1.1087423517865707e+00,
          -9.8388528177572510e-01, -7.6216108367477908e-01,
          -9.3529929483700569e-01, -1.0186284107903290e+00,
          -2.7142553373990372e+00, -4.8328250476290400e+00,
          -6.5268495428645590e+00, -8.2796681253475999e+00,
          -6.5232309167579690e+00, -4.8004634424519033e+00,
          -2.6000167425874174e+00, -3.8728676995036109e+00,
          -5.2559328606806677e+00, -6.6933702476668167e+00,
          -5.2553732668497712e+00, -3.8504763419433554e+00,
          -5.1268657329453964e+00, -7.3287816700549220e+00,
          -5.0460323240269895e+00, -4.4553987368504560e+00,
          -6.2559616678726755e+00, -4.4580218136134393e+00 ]
   - !!opencv-matrix
      rows: 198
      cols: 1
      dt: d
      data: [ -2.0162563668682687e+01, -1.9461881942287228e+01,
          -1.8421643165416992e+01, -1.7122778338117300e+01,
          -1.5273432395303637e+01, -1.2355267820191468e+01,
          -8.4558928756496510e+00, -3.7943685110327801e+00,
          1.5048978629391832e+00, 6.8094023762736269e+00,
          1.1293914239484991e+01, 1.4822325955574273e+01,
          1.7204078726207285e+01, 1.8319936157364769e+01,
          1.8802780049096086e+01, 1.9005796083712774e+01,
          1.8850289629133268e+01, -1.7055689447273952e+01,
          -1.4838001063554019e+01, -1.1951224701939935e+01,
          -8.9253621502109084e+00, -5.9732698145207710e+00,
          3.4333225411650341e+00, 6.1715208748139609e+00,
          9.0724352140103193e+00, 1.1998958536061268e+01,
          1.4522793004050836e+01, -6.9423428795572173e-01,
          -3.8806360918531752e-01, -8.6969720661281225e-02,
          2.0216979212813346e-01, -3.0586958506977409e+00,
          -1.3474125045096219e+00, 4.5036113784139792e-01,
          2.1666565984554436e+00, 3.7435266805729839e+00,
          -1.3124977831922148e+01, -1.1202297142506339e+01,
          -8.9149422935703626e+00, -6.8572805064815965e+00,
          -8.8900871682472093e+00, -1.1062317968746239e+01,
          4.9906192971482639e+00, 6.9061516179842206e+00,
          9.2186732707079155e+00, 1.1326391687150192e+01,
          9.3368642704126135e+00, 7.1332991293568533e+00,
          -6.1643646250938771e+00, -4.5256843999929961e+00,
          -2.2152849001727435e+00, 5.0635952720624000e-01,
          3.1718726189443767e+00, 5.6171916285526144e+00,
          7.4728428093759867e+00, 5.8999027761104124e+00,
          3.6543497989973748e+00, 8.7519966628949453e-01,
          -1.9230782277166654e+00, -4.3071066224155183e+00,
          -2.3948586894818158e+00, 6.0541298446434932e-01,
          3.5532649874576485e+00, 3.6942718478631962e+00,
          7.3337612891226733e-01, -2.3173355790241890e+00,
