%YAML:1.0
description: DISGUST
samples:
   - !!opencv-matrix
      rows: 198
      cols: 1
      dt: d
      data: [ -2.0764384092815625e+01, -2.0048293736870690e+01,
          -1.9037747112294721e+01, -1.7742062072135351e+01,
          -1.5766641925904775e+01, -1.2543557867532821e+01,
          -8.3514076126454828e+00, -3.5055389201427891e+00,
          1.7537273243188494e+00, 6.9346829631441294e+00,
          1.1368002601490847e+01, 1.4932400325903540e+01,
          1.7401197613009494e+01, 1.8639197590857869e+01,
          1.9179430728168246e+01, 1.9372875505071022e+01,
          1.9213611716213496e+01, -1.7219893683675934e+01,
          -1.4855420310666823e+01, -1.1776305900628037e+01,
          -8.5469312590516182e+00, -5.3845318373651123e+00,
          3.5905416666933756e+00, 6.4196205128982804e+00,
          9.4036889909289503e+00, 1.2377268139923112e+01,
          1.4869198539542532e+01, -5.5381053290186288e-01,
          -3.6236899489889152e-01, -1.7545567999756020e-01,
          2.5675877948277415e-03, -3.5765236476232967e+00,
          -1.6976363500392873e+00, 2.8373415008704406e-01,
          2.1527539725475111e+00, 3.8688015436488348e+00,
          -1.2836908971439453e+01, -1.0925325039159716e+01,
          -8.6617108608286184e+00, -6.5661337303241201e+00,
          -8.6044530591392530e+00, -1.0754771751510045e+01,
          5.2349529659558813e+00, 7.2008163910060752e+00,
          9.4540212940248907e+00, 1.1444517245558856e+01,
          9.4251187542661974e+00, 7.2895770615279734e+00,
          -7.0194135457063238e+00, -5.0269277522443039e+00,
          -2.4940319861263602e+00, 3.3799945996559166e-01,
          3.0971851624675897e+00, 5.7013056131900184e+00,
          7.8113497449601024e+00, 5.8623685690425269e+00,
          3.3840581902963773e+00, 6.6812138807822830e-01,
          -2.1202532735161390e+00, -4.7697967554680263e+00,
          -2.5416596124334925e+00, 4.6534895433366519e-01,
          3.4101849552321539e+00, 3.4604867349016772e+00,
          5.2101340089610115e-01, -2.4969924618628681e+00,
          -5.8313839444319582e+00, -4.5682582749996647e-01,
          4.8755345897789688e+00, 1.0074825893791930e+01,
          1.4881755705670727e+01, 1.8856256032558250e+01,
          2.1865354724750876e+01, 2.3738880296758602e+01,
          2.3945664827077785e+01, 2.2807422987500210e+01,
          2.0024238864423587e+01, 1.6231201694739301e+01,
          1.1700258338232036e+01, 6.7012404389972966e+00,
          1.5293977811106070e+00, -3.7098120835841195e+00,
          -8.9450111959338692e+00, -1.3685749995702889e+01,
          -1.5810284280452588e+01, -1.6754079791745532e+01,
          -1.6757372721501884e+01, -1.6125522686488388e+01,
          -1.6716719179731477e+01, -1.7685036230464025e+01,
          -1.8089235157892116e+01, -1.7663482164690127e+01,
          -1.6050792648848219e+01, -1.1811261945563453e+01,
          -8.8363601807329566e+00, -5.8818130674536366e+00,
          -2.9381414100171046e+00, 6.7870859039993614e-01,
          1.1987907115346952e+00, 1.3369921358784553e+00,
          9.6586235450715674e-01, 2.3444352543269892e-01,
          -9.5660642879005149e+00, -1.0697816251437123e+01,
          -1.0969962277538428e+01, -1.0287185375471681e+01,
          -9.6673500124301377e+00, -9.3866809587157878e+00,
          -1.1049684631996472e+01, -1.1954696778567477e+01,
          -1.2007022494147371e+01, -1.1096932096563844e+01,
          -1.0657068197958536e+01, -1.0676267631248688e+01,
          8.5280604438720751e+00, 6.5415223621043674e+00,
          5.2213496448822596e+00, 5.2559399786640082e+00,
          4.8737574609580658e+00, 5.8775080640133348e+00,
          7.6590108010389546e+00, 9.3440704219820159e+00,
          1.0304866724406544e+01, 1.0636851235532239e+01,
          1.0630022533067011e+01, 9.9638348071921286e+00,
          7.3831131272787793e+00, 7.2156553674761410e+00,
          7.0388777369656879e+00, 7.6657378237894136e+00,
          7.9554147203681165e+00, 8.0233104760144389e+00,
          2.1502036170493355e+01, 2.1098123275521395e+01,
          2.0649792828314187e+01, 1.8494718524775365e+01,
          1.3527260838163640e+01, 7.9119000848680745e+00,
          3.3299627216872940e+00, -9.3824906834581756e-01,
          -4.6697839511698671e+00, -7.5425867841483785e-01,
          3.5282368392864121e+00, 8.1626831596262441e+00,
          1.3782310546420538e+01, 1.8640450464880097e+01,
          2.0745959980376316e+01, 2.1100258570928002e+01,
          2.1518196713435557e+01, 8.4151208345861428e-02,
          -1.6205028375410899e+00, -3.0032854444205332e+00,
          -4.3526110566770040e+00, -5.5769489359538378e+00,
          -5.6253942437996862e+00, -4.3358097658984160e+00,
          -2.9151235008289058e+00, -1.4524433069729237e+00,
          2.7465415228854434e-01, -4.9248639148516693e+00,
          -7.7435201647942931e+00, -1.0676019168647908e+01,
          -1.3493900471168915e+01, -6.4697853905989220e+00,
          -7.2877150939548745e+00, -8.0804466246143409e+00,
          -7.2291748773282434e+00, -6.3083739331397064e+00,
          -9.3058718567117993e-01, -1.1879773547606114e+00,
          -1.2677075415303076e+00, -1.0395225514727489e+00,
          -1.0692711216308639e+00, -1.0446131268116532e+00,
          -1.0389214763426557e+00, -1.1485859977207309e+00,
          -1.0722620748760834e+00, -8.5624902020290683e-01,
          -9.8526240053038550e-01, -1.0510361097326222e+00,
          -2.7332957178943214e+00, -4.8393905463136182e+00,
          -6.5117197738948587e+00, -8.0888451188704042e+00,
          -6.4489519546379075e+00, -4.7296132371690982e+00,
          -2.6143652303621772e+00, -3.7874554087618089e+00,
          -5.1746517386484099e+00, -6.6351323257639150e+00,
          -5.2548310787859354e+00, -3.9242592252070905e+00,
          -5.2934942496872086e+00, -7.3625365505562321e+00,
          -5.1117413737457928e+00, -4.4623433609924863e+00,
          -6.5847344931702310e+00, -4.6430198086020287e+00 ]
   - !!opencv-matrix
      rows: 198
      cols: 1
      dt: d
      data: [ -2.0779195050910459e+01, -2.0056822828115429e+01,
          -1.9039241336731155e+01, -1.7735969854118245e+01,
          -1.5753263872992312e+01, -1.2525425361649162e+01,
          -8.3343673627855352e+00, -3.4919996328467158e+00,
          1.7668385558970521e+00, 6.9383828415011610e+00,
          1.1356628894276735e+01, 1.4911631444392228e+01,
          1.7384034692177561e+01, 1.8633518976757461e+01,
          1.9182561637122085e+01, 1.9382984791658004e+01,
          1.9230754055949504e+01, -1.7228403136155066e+01,
          -1.4860456750900736e+01, -1.1780514214518170e+01,
          -8.5522782874849828e+00, -5.3903158081655151e+00,
          3.6083175561364715e+00, 6.4297869771728493e+00,
          9.4049804981384870e+00, 1.2371776240478743e+01,
          1.4861831881318585e+01, -5.5129445377086861e-01,
          -3.6193585744327256e-01, -1.7683437316486425e-01,
          -4.1117723631360625e-04, -3.5673488339820585e+00,
          -1.6935409059444400e+00, 2.8247928551766555e-01,
          2.1458543569739144e+00, 3.8564066063772713e+00,
          -1.2823371311888124e+01, -1.0918712106109528e+01,
          -8.6582817710266298e+00, -6.5711784130262600e+00,
          -8.6033366210436633e+00, -1.0748607505937226e+01,
          5.2289938263645412e+00, 7.1835682752128047e+00,
          9.4330672170816676e+00, 1.1417608063230375e+01,
          9.4072481431276778e+00, 7.2773096799798198e+00,
          -7.0087154855455527e+00, -5.0171312532813790e+00,
          -2.4884810023989079e+00, 3.4020555457222035e-01,
          3.0951716731702317e+00, 5.6948701827287778e+00,
          7.8027789328224806e+00, 5.8588388481370792e+00,
          3.3850350088203260e+00, 6.7395286493118689e-01,
          -2.1112174614100776e+00, -4.7590082749176323e+00,
          -2.5303504953663984e+00, 4.6892295582680810e-01,
          3.4062399045125304e+00, 3.4561940539587441e+00,
          5.2633830573427365e-01, -2.4822649813204505e+00,
