%YAML:1.0
description: FEAR
samples:
   - !!opencv-matrix
      rows: 198
      cols: 1
      dt: d
      data: [ -1.9395528928829165e+01, -1.8678155626666101e+01,
          -1.7641511200092118e+01, -1.6300805269595077e+01,
          -1.4385490394513146e+01, -1.1496167334832609e+01,
          -7.7590940690390573e+00, -3.3356297049013617e+00,
          1.7506885509716517e+00, 6.7648717254731618e+00,
          1.0772795757868110e+01, 1.3866417589945776e+01,
          1.6032291977834898e+01, 1.7263695648243498e+01,
          1.7858517758101421e+01, 1.8058932837439677e+01,
          1.7870526574325019e+01, -1.6019544709330120e+01,
          -1.3790289121535888e+01, -1.1005433496372653e+01,
          -8.0911593390304972e+00, -5.2413667533144084e+00,
          3.2986950326451363e+00, 5.7524033009277353e+00,
          8.3549381613743048e+00, 1.0952556017942799e+01,
          1.3234376410608620e+01, -4.9863132732547605e-01,
          -2.6949875546382596e-01, -5.0197878797831330e-02,
          1.5445688069501479e-01, -3.2244270151769321e+00,
          -1.4471649875882655e+00, 4.0630784705322409e-01,
          2.1178372972882209e+00, 3.7142046782121101e+00,
          -1.2532679007948305e+01, -1.0579285385335595e+01,
          -8.1619406483680041e+00, -6.1163449598753505e+00,
          -8.2194730828529590e+00, -1.0454826350774194e+01,
          4.5216143806581064e+00, 6.3768023408122030e+00,
          8.7651907153505224e+00, 1.0823664751518248e+01,
          8.8589972153496817e+00, 6.6480560109977338e+00,
          -6.4274324197047008e+00, -4.9267229256923244e+00,
          -2.5617069547841282e+00, 3.6881075788772083e-01,
          3.2286270024179595e+00, 5.7079744561211134e+00,
          7.3561133861438366e+00, 6.0174912662736837e+00,
          3.8428337050433585e+00, 9.0363820990212651e-01,
          -2.1608460086166423e+00, -4.6278976828852860e+00,
          -2.7586372149920746e+00, 4.9543991957182604e-01,
          3.7004425500382139e+00, 3.9342966552712473e+00,
          7.6183632721153671e-01, -2.5736167591772841e+00,
          -5.8337224413879998e+00, -5.2728313363998192e-01,
          4.7335909728287069e+00, 9.8078301646027093e+00,
          1.4458687875879136e+01, 1.8466611398233784e+01,
          2.1758490983799359e+01, 2.4104704154394010e+01,
          2.4529984759477198e+01, 2.3270154908647456e+01,
          2.0123975023475030e+01, 1.6120113691680196e+01,
          1.1611499786080779e+01, 6.8053833030718547e+00,
          1.8054671178453334e+00, -3.3021672997656872e+00,
          -8.4050600619794640e+00, -1.4788301347939186e+01,
          -1.6626359381580667e+01, -1.7495205195996572e+01,
          -1.7575758709688472e+01, -1.7041929485674970e+01,
          -1.7573923463241286e+01, -1.8360782139266249e+01,
          -1.8626458794114797e+01, -1.8282385144939280e+01,
          -1.7020342826874568e+01, -1.2372938068507823e+01,
          -9.2709092195598100e+00, -6.1937063426198327e+00,
          -3.1286049671102294e+00, 3.3386660064806051e-01,
          7.1818450700382586e-01, 8.0199891667827983e-01,
          5.1252506867697412e-01, -6.5531355150150183e-02,
          -1.0332420073498827e+01, -1.1649556433656681e+01,
          -1.1848314360160874e+01, -1.0809597092322917e+01,
          -1.0124574800975543e+01, -9.8757611510799617e+00,
          -1.1424716539978435e+01, -1.2674190503261368e+01,
          -1.2848005223323245e+01, -1.1763205870872241e+01,
          -1.1032213840595094e+01, -1.1008823055811495e+01,
          9.2415043848447400e+00, 6.7319687853406238e+00,
          4.9179184045061559e+00, 4.7474469630634726e+00,
          4.5761999016810080e+00, 6.1083800342224004e+00,
          8.5115989064154469e+00, 1.0965676914735358e+01,
          1.2779959891187318e+01, 1.3426496269374388e+01,
          1.3100783621391924e+01, 1.1515968529733541e+01,
          7.3046527745607772e+00, 6.7676486090171135e+00,
          6.9559424647063057e+00, 9.7077213672762888e+00,
          1.0487698646701688e+01, 1.0072249153496067e+01,
          2.1211595482803780e+01, 2.0824554196425293e+01,
          2.0342776340194366e+01, 1.8294273600828319e+01,
          1.3547306311116611e+01, 8.0653874119126794e+00,
          3.1613937127984260e+00, -9.7358313880131742e-01,
          -4.5556745883617769e+00, -8.2397393638565053e-01,
          3.3001168095383373e+00, 8.2355968022475388e+00,
          1.3709566301311597e+01, 1.8344724701116714e+01,
          2.0352018031815781e+01, 2.0730758139623891e+01,
          2.1133843470949866e+01, 1.1111087694211176e-01,
          -1.5171669118203090e+00, -2.9017674606173705e+00,
          -4.2795168482498998e+00, -5.5685082323749793e+00,
          -5.6123837862167409e+00, -4.2536826744537892e+00,
          -2.8210813967251882e+00, -1.3656703410261886e+00,
          3.0216150420034493e-01, -4.8713655640464699e+00,
          -7.6596267538501870e+00, -1.0560673379842132e+01,
          -1.3373390545974036e+01, -6.4811112049790882e+00,
          -7.2029520324989136e+00, -7.8726553135879715e+00,
          -7.1411752425068773e+00, -6.3251824923829911e+00,
          -8.1279747921361900e-01, -1.0216777733237066e+00,
          -1.2208283595233234e+00, -1.0200020603357134e+00,
          -1.0843367764533995e+00, -1.0038326836907256e+00,
          -9.6693092889060728e-01, -1.1038262525920872e+00,
          -9.3583346693887426e-01, -7.7252602160789419e-01,
          -9.5266099964716033e-01, -1.0399639009808479e+00,
          -2.6563341966673848e+00, -4.8061384876442874e+00,
          -6.4499471882612500e+00, -8.2273303724121813e+00,
          -6.3885332406848461e+00, -4.7062232857440556e+00,
          -2.5544657825464041e+00, -3.9918109891760016e+00,
          -5.2408602473146289e+00, -6.6659616251980092e+00,
          -5.3072891697124032e+00, -4.1079561404596374e+00,
          -5.0059328077569329e+00, -7.4624788720702941e+00,
          -4.7932371046551632e+00, -4.3361099245860117e+00,
          -6.3547703657063428e+00, -4.5153350499552554e+00 ]
   - !!opencv-matrix
      rows: 198
      cols: 1
      dt: d
      data: [ -1.9413730961849879e+01, -1.8693857898804321e+01,
          -1.7653579809397673e+01, -1.6307025223075630e+01,
          -1.4385102763662942e+01, -1.1490388884502368e+01,
          -7.7523485159911552e+00, -3.3317274688617418e+00,
          1.7514256491211742e+00, 6.7618227585130244e+00,
          1.0764166136530283e+01, 1.3854548389791633e+01,
          1.6025851085412448e+01, 1.7269809546138863e+01,
          1.7873100876614785e+01, 1.8076644013459124e+01,
          1.7888806703885827e+01, -1.6026256590399008e+01,
          -1.3795270364670884e+01, -1.1012066089113743e+01,
          -8.0998828618051224e+00, -5.2517414984990394e+00,
          3.3017995457772438e+00, 5.7466069259889645e+00,
          8.3399777845672141e+00, 1.0929461255274385e+01,
          1.3209151621122126e+01, -4.9095147645590292e-01,
          -2.6249666010461747e-01, -4.4072534920758688e-02,
          1.5979754110159144e-01, -3.2209059978194818e+00,
          -1.4407772987831364e+00, 4.1562002079292421e-01,
          2.1279885402716343e+00, 3.7245352583682716e+00,
          -1.2529314410257994e+01, -1.0575047751038250e+01,
          -8.1575266375451818e+00, -6.1122553292316777e+00,
          -8.2163111457299092e+00, -1.0451696633825192e+01,
          4.5114799731754189e+00, 6.3651771795540686e+00,
          8.7521287652612507e+00, 1.0809256840892454e+01,
          8.8460091681116229e+00, 6.6365037537042531e+00,
          -6.4296866371156574e+00, -4.9272225838961781e+00,
          -2.5595900701387722e+00, 3.7381633536900960e-01,
          3.2357736047291663e+00, 5.7157549392968363e+00,
          7.3620978215941175e+00, 6.0260183816816371e+00,
          3.8516262912054167e+00, 9.1068047250877282e-01,
          -2.1572183423467592e+00, -4.6265239874825896e+00,
          -2.7542681445485599e+00, 5.0143606571578825e-01,
          3.7076662261737869e+00, 3.9440191336012616e+00,
          7.7029034280354292e-01, -2.5671657159336330e+00,
