%YAML:1.0
description: JOY
samples:
   - !!opencv-matrix
      rows: 198
      cols: 1
      dt: d
      data: [ -1.9835384087098443e+01, -1.9149087338155780e+01,
          -1.8146899767199198e+01, -1.6855340264576139e+01,
          -1.4945942393718257e+01, -1.1987543820046465e+01,
          -8.1206747324399320e+00, -3.5240514225072355e+00,
          1.6886653087145205e+00, 6.7479009151595388e+00,
          1.0964937063936015e+01, 1.4332234608200942e+01,
          1.6704491371966046e+01, 1.7914279210046310e+01,
          1.8447587969804136e+01, 1.8680178374953879e+01,
          1.8592561924365054e+01, -1.6486766673457776e+01,
          -1.4351820516508438e+01, -1.1528392006167314e+01,
          -8.4939044397444121e+00, -5.5103912955756842e+00,
          3.0041517029531146e+00, 5.8032634215295964e+00,
          8.7625348876481066e+00, 1.1673409808354878e+01,
          1.4116055522849384e+01, -8.0202943870971244e-01,
          -5.3641477991937270e-01, -2.7061794908601122e-01,
          -9.4671650948989772e-03, -3.4758683152405268e+00,
          -1.6632871760556027e+00, 2.3762569980640982e-01,
          2.0783114940180196e+00, 3.7841408836886221e+00,
          -1.2504790936384310e+01, -1.0665873798758854e+01,
          -8.4643309797461637e+00, -6.4478941397668468e+00,
          -8.4185598721162194e+00, -1.0488420429333274e+01,
          4.8149256410008574e+00, 6.7063881734936821e+00,
          8.9285161218603406e+00, 1.0942936263762659e+01,
          8.9814508418495205e+00, 6.8783682271248638e+00,
          -7.6103004579390685e+00, -5.5128488348710061e+00,
          -2.7134433298107172e+00, 4.4139769981141180e-01,
          3.5411038212131629e+00, 6.4697758562549614e+00,
          8.8044362175720590e+00, 7.0074291877242691e+00,
          4.3369602134604675e+00, 9.6059330924053632e-01,
          -2.4873395687593027e+00, -5.4155605470024071e+00,
          -3.2911936884010240e+00, 5.6546759950811631e-01,
          4.3720324961273818e+00, 4.7123513204407432e+00,
          7.8600608850445419e-01, -3.2631880872106942e+00,
          -6.1088783287366724e+00, -8.8236026095715758e-01,
          4.3072967896501249e+00, 9.3614334176568850e+00,
          1.4099510711365401e+01, 1.8234303450221390e+01,
          2.1607947730887314e+01, 2.3955972857351195e+01,
          2.4429985461247288e+01, 2.3310781441955726e+01,
          2.0428847980506692e+01, 1.6634749312835375e+01,
          1.2194610517488570e+01, 7.2477342631340740e+00,
          2.0403353925371324e+00, -3.2652473147893568e+00,
          -8.5709787456799571e+00, -1.3777013887708527e+01,
          -1.5913119231237944e+01, -1.7043058159622955e+01,
          -1.7266160610447645e+01, -1.6810803177007955e+01,
          -1.7513032723051772e+01, -1.8441117035385563e+01,
          -1.8715432128402643e+01, -1.8127562465035801e+01,
          -1.6467156940926948e+01, -1.1921681116519082e+01,
          -8.9219132191941419e+00, -5.9418224425963997e+00,
          -2.9688438516449041e+00, 7.1350061236539308e-01,
          1.1840626581432576e+00, 1.2891655102134940e+00,
          9.0411565198190558e-01, 1.6688278726179279e-01,
          -9.4169465279515734e+00, -1.0540582475100125e+01,
          -1.0790845292791543e+01, -1.0161031020529439e+01,
          -9.5742965415962669e+00, -9.2794659339503376e+00,
          -1.1034318948637928e+01, -1.2001768546341888e+01,
          -1.2122880080221750e+01, -1.1312448241367859e+01,
          -1.0826565413508414e+01, -1.0780443931524474e+01,
          8.1954306223323901e+00, 6.0566815230415294e+00,
          4.6886878172603295e+00, 4.5293300333236495e+00,
          4.2277996272331331e+00, 5.1775324983591284e+00,
          6.9938384498215305e+00, 9.7464201421278833e+00,
          1.1730329879250185e+01, 1.2449385133024338e+01,
          1.2214850324619004e+01, 1.0640559936338370e+01,
          6.8165369658035431e+00, 6.4194437947329668e+00,
          6.2591413979010895e+00, 8.9267846405026283e+00,
          9.8056827582096346e+00, 9.5082238134533856e+00,
          2.1310099113296722e+01, 2.0815970183015786e+01,
          2.0402503435475801e+01, 1.8350689123299631e+01,
          1.3660648527415304e+01, 8.0583652830402208e+00,
          3.2233806706393575e+00, -8.8008120067888684e-01,
          -4.5902111480648085e+00, -9.3485788266985714e-01,
          3.2317180501125682e+00, 8.1108090327319111e+00,
          1.3764393278780114e+01, 1.8523937741046197e+01,
          2.0630397701390443e+01, 2.1112234871291630e+01,
          2.1608157486926121e+01, 1.0322665660043390e-01,
          -1.6082206962205510e+00, -3.0175271529455894e+00,
          -4.3531892209003074e+00, -5.5844848050551077e+00,
          -5.4650330873376181e+00, -4.1860894897792198e+00,
          -2.8131591522690407e+00, -1.3650389399809510e+00,
          3.5900328479578197e-01, -4.9338702784906783e+00,
          -7.7683967402169118e+00, -1.0665968294188684e+01,
          -1.3442093706405384e+01, -6.5446264861136658e+00,
          -7.2792276181613325e+00, -7.9704782943077550e+00,
          -7.2743345961061339e+00, -6.5412045389169329e+00,
          -8.2968910397837470e-01, -1.1420374494755032e+00,
          -1.4091188227559017e+00, -1.2674781261655759e+00,
          -1.1930736876823542e+00, -1.0929985306371057e+00,
          -1.0799143802508342e+00, -1.2713011432257357e+00,
          -9.9543954297781112e-01, -6.6016780570801326e-01,
          -9.2179620983798438e-01, -1.0100736938456756e+00,
          -2.5577178519171588e+00, -4.7045381955901826e+00,
          -6.3983008958379441e+00, -8.1225888263869042e+00,
          -6.4069612984246191e+00, -4.6774481928372174e+00,
          -2.4804541467467174e+00, -3.9205432948486822e+00,
          -5.2386975777612452e+00, -6.6478769961818163e+00,
          -5.2096123165827244e+00, -3.9035887337287920e+00,
          -5.0659196917659939e+00, -7.5063193090010758e+00,
          -5.0599526575981528e+00, -4.4551366938335972e+00,
          -6.3895474064447857e+00, -4.4290412512355131e+00 ]
   - !!opencv-matrix
      rows: 198
      cols: 1
      dt: d
      data: [ -1.9784543944589608e+01, -1.9102342290596795e+01,
          -1.8102577565685529e+01, -1.6816305598518518e+01,
          -1.4916047629341733e+01, -1.1973496479216339e+01,
          -8.1191245831939867e+00, -3.5254002490539951e+00,
          1.6917497254000966e+00, 6.7526357706208877e+00,
          1.0969504002685113e+01, 1.4331340250868193e+01,
          1.6690810156608688e+01, 1.7882403907862216e+01,
          1.8404566981314105e+01, 1.8635479541181201e+01,
          1.8548960967194063e+01, -1.6465271974269200e+01,
          -1.4340684643471970e+01, -1.1523884430094489e+01,
          -8.4945524269307775e+00, -5.5158819973862840e+00,
          3.0113805762337837e+00, 5.8187551304260907e+00,
          8.7849411983602863e+00, 1.1699988765414053e+01,
          1.4138192665136643e+01, -8.2080551647564004e-01,
          -5.5125957460552133e-01, -2.8103480453097629e-01,
          -1.5542372812827207e-02, -3.5093153871549214e+00,
          -1.6869125715398012e+00, 2.2571283220449428e-01,
          2.0819818351755823e+00, 3.8009320684551819e+00,
          -1.2505934688416197e+01, -1.0666509751613997e+01,
          -8.4566937099651582e+00, -6.4384411976974256e+00,
          -8.4120069462379892e+00, -1.0486892484161112e+01,
          4.7953082683222563e+00, 6.6872787856005242e+00,
          8.9205002551007588e+00, 1.0943452567427563e+01,
          8.9793129782334908e+00, 6.8679072911937018e+00,
          -7.5815872782693301e+00, -5.5024813032818773e+00,
          -2.7125244812365117e+00, 4.3683029933871870e-01,
          3.5324453086502485e+00, 6.4570103263602023e+00,
          8.7830579914858120e+00, 6.9920025612996595e+00,
          4.3286429715347410e+00, 9.5677548615054775e-01,
          -2.4832617974057793e+00, -5.4009296059718421e+00,
          -3.2900580061242595e+00, 5.6002051805809561e-01,
          4.3613151312992686e+00, 4.6984275048639592e+00,
          7.7905465403967322e-01, -3.2615335352684083e+00,
