%YAML:1.0
description: SADNESS
samples:
   - !!opencv-matrix
      rows: 198
      cols: 1
      dt: d
      data: [ -1.9989032653454970e+01, -1.9386785942581977e+01,
          -1.8429275973861159e+01, -1.7131179354690133e+01,
          -1.5236589683813929e+01, -1.2310125271473634e+01,
          -8.3925246311599970e+00, -3.7956590991643040e+00,
          1.3345110271865481e+00, 6.4279510661390322e+00,
          1.0799163465968638e+01, 1.4419557617349065e+01,
          1.6966577043371178e+01, 1.8282623765945868e+01,
          1.8890283291407368e+01, 1.9141139476581703e+01,
          1.9041410647014516e+01, -1.6843752066566580e+01,
          -1.4706211784033178e+01, -1.1821975607291959e+01,
          -8.7286682146933749e+00, -5.6899667307252733e+00,
          2.8207727637219255e+00, 5.7878823795266676e+00,
          8.9233437459158100e+00, 1.2020565455218962e+01,
          1.4575880682603534e+01, -9.4315071025547514e-01,
          -6.5028611434656691e-01, -3.5370530484798501e-01,
          -5.8774504077260856e-02, -3.2109696737007702e+00,
          -1.5366305358550068e+00, 2.0507103656770420e-01,
          1.9332983811020545e+00, 3.5413955981954057e+00,
          -1.2691774500877401e+01, -1.0869203818149138e+01,
          -8.5985854543565239e+00, -6.5554015869105893e+00,
          -8.5253394560134694e+00, -1.0649250048500086e+01,
          4.7251059358562033e+00, 6.6241954469656790e+00,
          8.9349137428739933e+00, 1.1001254539637594e+01,
          9.0279206614899845e+00, 6.8449672022872585e+00,
          -5.3469092661070832e+00, -3.8533374678654675e+00,
          -1.8489217625935579e+00, 6.3819906245385327e-01,
          3.0897080510653279e+00, 5.3138252305525118e+00,
          7.1055740617034182e+00, 5.4338114948079133e+00,
          3.3437843990802394e+00, 9.7888900870875872e-01,
          -1.3506467053210649e+00, -3.5133808691908701e+00,
          -1.6386046813943342e+00, 7.7144759024834741e-01,
          3.1711900250634506e+00, 3.0868858390914680e+00,
          7.8637691749647454e-01, -1.5280152548595360e+00,
          -5.6627518077054280e+00, -5.9443364324926429e-01,
          4.4486464624905526e+00, 9.2699815837800355e+00,
          1.3695158878735736e+01, 1.7523830044471026e+01,
          2.0507541225883898e+01, 2.2509118607381087e+01,
          2.2791011425632480e+01, 2.2037982316186689e+01,
          1.9631511655024372e+01, 1.6321578458566194e+01,
          1.2247918530961602e+01, 7.5549721927810758e+00,
          2.4362197993498462e+00, -2.8757381288358612e+00,
          -8.1787757555608938e+00, -1.3982483261765640e+01,
          -1.6238516528645039e+01, -1.7409776589486150e+01,
          -1.7647473495509821e+01, -1.7226907307084989e+01,
          -1.7981437971801903e+01, -1.8963942738445741e+01,
          -1.9276036826752840e+01, -1.8631238741973171e+01,
          -1.6777010072488306e+01, -1.2303265171132294e+01,
          -9.2601073805333822e+00, -6.2457565790096350e+00,
          -3.2372523470568551e+00, 8.1530713887922213e-01,
          1.1156114342986703e+00, 1.1069287652759381e+00,
          8.3390886679585519e-01, 2.5425163632683601e-01,
          -9.6719662236227411e+00, -1.0939395063605749e+01,
          -1.1211840895459790e+01, -1.0487376445086028e+01,
          -9.7756815567540905e+00, -9.4364103282470300e+00,
          -1.1420088479681619e+01, -1.2541801645506915e+01,
          -1.2673725000915452e+01, -1.1769460543070039e+01,
          -1.1140265086400488e+01, -1.1094265458304664e+01,
          1.0087776238895326e+01, 7.8866566183369855e+00,
          6.1307558338787747e+00, 6.0383083909541861e+00,
          5.7365844876817320e+00, 7.1488430459457355e+00,
          9.0557494542913197e+00, 1.0464602049670486e+01,
          1.1333715940004327e+01, 1.1642262113831135e+01,
          1.1692646742320663e+01, 1.1188260278180394e+01,
          8.5476270157528180e+00, 8.0800115717780070e+00,
          8.1579880774971247e+00, 8.5936299666568878e+00,
          8.7976010140661636e+00, 8.9708087318868444e+00,
          2.1145940065498070e+01, 2.0646287030317808e+01,
          2.0440925267206211e+01, 1.8394727654529540e+01,
          1.3633234220088243e+01, 8.1095054492919907e+00,
          3.4275033367402794e+00, -7.4190358346093932e-01,
          -4.4215658376205491e+00, -8.2373697548859759e-01,
          3.4151590333755837e+00, 8.1095511484292402e+00,
          1.3673694016755940e+01, 1.8590528414214955e+01,
          2.0728229887820071e+01, 2.1078181327679840e+01,
          2.1532815282667624e+01, 7.0202643298220541e-02,
          -1.6145201380488534e+00, -2.9931252910987216e+00,
          -4.3531921264600699e+00, -5.6389046258693414e+00,
          -5.4398453883013742e+00, -4.1267799988412719e+00,
          -2.7541760901806844e+00, -1.3534191803540956e+00,
          3.4859123974149253e-01, -4.9944029823867284e+00,
          -7.7233584787130622e+00, -1.0585841246921618e+01,
          -1.3330394239103315e+01, -6.3010690032558259e+00,
          -7.2133748613617019e+00, -8.0545942446784551e+00,
          -7.1853814048585258e+00, -6.3677606057615588e+00,
          -1.0003271374905345e+00, -1.0835159761751720e+00,
          -1.1030340249479771e+00, -1.0868203327988621e+00,
          -1.2321332969162953e+00, -1.1488822500739986e+00,
          -7.8696423390550396e-01, -9.6643598359677130e-01,
          -9.2826407073442274e-01, -7.8543026902385826e-01,
          -9.1053683415928477e-01, -9.4658974759110115e-01,
          -2.8857420097812483e+00, -4.9471137156089542e+00,
          -6.5650915354865393e+00, -8.2803490321997195e+00,
          -6.5601263864563624e+00, -4.9256017354635668e+00,
          -2.7779069519203383e+00, -4.0507021918805384e+00,
          -5.3212810819340355e+00, -6.6399312195939473e+00,
          -5.2992616687925400e+00, -3.9882853466132118e+00,
          -5.1138620296711510e+00, -7.2838501539707217e+00,
          -5.1559324607547783e+00, -4.6446046040356030e+00,
          -6.3535938603789752e+00, -4.5554514390607679e+00 ]
   - !!opencv-matrix
      rows: 198
      cols: 1
      dt: d
      data: [ -1.9993112028315490e+01, -1.9389859203412207e+01,
          -1.8427754454968124e+01, -1.7121436812265095e+01,
          -1.5218725684821502e+01, -1.2290934573367975e+01,
          -8.3763277203466036e+00, -3.7815338248807446e+00,
          1.3518975193982175e+00, 6.4424157015167429e+00,
          1.0810179579531233e+01, 1.4423427409553085e+01,
          1.6965056117607393e+01, 1.8279284877016412e+01,
          1.8886619285833181e+01, 1.9137701969345809e+01,
          1.9037351364065515e+01, -1.6849098221735648e+01,
          -1.4712281287680490e+01, -1.1824524560051245e+01,
          -8.7249531003970144e+00, -5.6799162847652278e+00,
          2.8054321113499565e+00, 5.7765658304280914e+00,
          8.9151633049496866e+00, 1.2012694328958029e+01,
          1.4564682117095588e+01, -9.4552310874772205e-01,
          -6.4848454538969280e-01, -3.4774036629556898e-01,
          -4.8740174578517141e-02, -3.2076297340455433e+00,
          -1.5312507086394958e+00, 2.1224363189744405e-01,
          1.9419829838924652e+00, 3.5510587177504442e+00,
          -1.2704249618132820e+01, -1.0872540990279878e+01,
          -8.5861883502374798e+00, -6.5317613166664126e+00,
          -8.5135830759994349e+00, -1.0650288658595279e+01,
          4.6795634210770984e+00, 6.5885383255149099e+00,
          8.9153223834794399e+00, 1.0993501624492161e+01,
          9.0094132577988937e+00, 6.8129333703230088e+00,
          -5.3402892423559614e+00, -3.8510197235649590e+00,
          -1.8480603685885479e+00, 6.3936500314942801e-01,
          3.0905023479106624e+00, 5.3132437788414304e+00,
          7.1013616203290209e+00, 5.4347035458393371e+00,
          3.3467980447392329e+00, 9.8179722191113517e-01,
          -1.3487319234444239e+00, -3.5090013058348850e+00,
          -1.6418507095656276e+00, 7.7269723807665824e-01,
          3.1763705397396000e+00, 3.0940078584543178e+00,
          7.8870625549867768e-01, -1.5303489405046775e+00,
