%YAML:1.0
description: SURPRISE
samples:
   - !!opencv-matrix
      rows: 198
      cols: 1
      dt: d
      data: [ -1.9125050764755066e+01, -1.8424181599583292e+01,
          -1.7375044028853953e+01, -1.6020533412616064e+01,
          -1.4169744550562712e+01, -1.1443033302155932e+01,
          -7.8324218532336296e+00, -3.5046200727786085e+00,
          1.4725265761826762e+00, 6.3782342420715938e+00,
          1.0371227280069087e+01, 1.3531015815288676e+01,
          1.5761394620291588e+01, 1.7043321996489709e+01,
          1.7740419670382366e+01, 1.8080239634446915e+01,
          1.8039475707463950e+01, -1.6215945564226701e+01,
          -1.4252910008046156e+01, -1.1498425734210073e+01,
          -8.4554321648148871e+00, -5.4589697921785598e+00,
          2.6196363966432514e+00, 5.4392477836835447e+00,
          8.4393245875450678e+00, 1.1335574265170026e+01,
          1.3658242733859248e+01, -7.8670015556011730e-01,
          -5.2586137793313859e-01, -2.6682917235447151e-01,
          -1.1862754907995751e-02, -2.8651635598142402e+00,
          -1.3281683555992323e+00, 2.5215505282804329e-01,
          1.7818272928740726e+00, 3.2330105338681330e+00,
          -1.2155763951611089e+01, -1.0406982492898022e+01,
          -8.2106629449292470e+00, -6.2520715270237135e+00,
          -8.1472305355354830e+00, -1.0191337867401035e+01,
          4.6156067300575820e+00, 6.4387563406950692e+00,
          8.6475619553698753e+00, 1.0575088600079537e+01,
          8.6900494604181837e+00, 6.6168872884612480e+00,
          -5.8949811716598033e+00, -4.5122064032381592e+00,
          -2.3166753960199937e+00, 5.3116302201058652e-01,
          3.3448521096180523e+00, 5.7528634411785102e+00,
          7.4156954181316106e+00, 6.0116629522511777e+00,
          3.9041715316872994e+00, 1.0788079472295597e+00,
          -1.8032731977288856e+00, -4.1438693198520404e+00,
          -2.2888895068367821e+00, 6.7524453826667430e-01,
          3.6276514940220852e+00, 3.8167001239378022e+00,
          8.9939064644041022e-01, -2.1293504849422682e+00,
          -5.8111719570212319e+00, -7.6881708331514487e-01,
          4.2298923834051800e+00, 9.1107223246838736e+00,
          1.3754794288249613e+01, 1.7902507992956618e+01,
          2.1325626381986641e+01, 2.3794094127849807e+01,
          2.4396355717659787e+01, 2.3229476431310552e+01,
          2.0230334327239696e+01, 1.6375724624178513e+01,
          1.1931388539348578e+01, 7.0853579583058055e+00,
          2.0526892791400302e+00, -3.0600868104159837e+00,
          -8.1775533360083781e+00, -1.4749266735662822e+01,
          -1.7063930742753197e+01, -1.8397833334652741e+01,
          -1.8705834892041199e+01, -1.8221677636742552e+01,
          -1.8791077164953375e+01, -1.9757212985133975e+01,
          -1.9951610024973235e+01, -1.9159591010654577e+01,
          -1.7300660408675526e+01, -1.2247289542661029e+01,
          -9.1675380236804909e+00, -6.1039359525417760e+00,
          -3.0534508702104324e+00, 4.8024751107273711e-01,
          7.2737033829752595e-01, 7.4285822287696002e-01,
          4.9762887574789438e-01, 2.2107211218822476e-02,
          -9.4861566235976458e+00, -1.0680309240572022e+01,
          -1.0940164535979349e+01, -1.0291961351412061e+01,
          -9.5423176466232693e+00, -9.2243865778660030e+00,
          -1.1095460195601376e+01, -1.2053275304641451e+01,
          -1.2160462722182666e+01, -1.1267596408008295e+01,
          -1.0671020686200436e+01, -1.0666195660890605e+01,
          9.6149884769664169e+00, 7.0901941163072175e+00,
          5.1336060391754597e+00, 4.9189898417930591e+00,
          4.7260870074152335e+00, 6.3463364968130183e+00,
          8.6520453174040739e+00, 1.0958620678510160e+01,
          1.2727624486551536e+01, 1.3423379337498336e+01,
          1.3118721970695983e+01, 1.1679837618420496e+01,
          7.6335379410051081e+00, 7.0596087373232539e+00,
          7.2141548919193710e+00, 9.7235228884130969e+00,
          1.0506164812080856e+01, 1.0151374444160719e+01,
          2.1119975587096164e+01, 2.0630498575208382e+01,
          2.0271547142697884e+01, 1.8256285966444391e+01,
          1.3598605034994149e+01, 8.0497346326857606e+00,
          3.2059134619984317e+00, -8.0013497913400500e-01,
          -4.5916934589244933e+00, -8.4127398321403890e-01,
          3.2277185720263821e+00, 8.0896316588631088e+00,
          1.3665064330285412e+01, 1.8372404391913800e+01,
          2.0473084528493096e+01, 2.0890630647067386e+01,
          2.1329425588575475e+01, 2.1095394200503276e-01,
          -1.5627780471878758e+00, -2.9377440260449790e+00,
          -4.2335028335714169e+00, -5.4650196173034615e+00,
          -5.3896054462118546e+00, -4.0973839535790635e+00,
          -2.7593407489993660e+00, -1.3371029311365132e+00,
          4.3762378869064633e-01, -4.8885888494441154e+00,
          -7.6911261559294415e+00, -1.0531860277058382e+01,
          -1.3270330033649968e+01, -6.3495551409640951e+00,
          -7.1466027489175552e+00, -7.9404398686812181e+00,
          -7.1413536206919339e+00, -6.3898376613407111e+00,
          -9.1415174476494798e-01, -1.1094476456561000e+00,
          -1.2782721023514696e+00, -1.1486235799689988e+00,
          -1.2286647710424463e+00, -1.0971558213906136e+00,
          -9.7449062955418531e-01, -1.1737743659968478e+00,
          -9.8250920651125495e-01, -7.4591702740998544e-01,
          -9.3064324521737241e-01, -1.0435626319442703e+00,
          -2.6885568740242634e+00, -4.9028197659984238e+00,
          -6.4706210089579574e+00, -8.2075143755061131e+00,
          -6.4415154306452713e+00, -4.8502237682967708e+00,
          -2.6027272952115612e+00, -4.0619144517882111e+00,
          -5.2756919504270954e+00, -6.7398800772548535e+00,
          -5.2679132249303953e+00, -4.0275256570015561e+00,
          -4.8992776277006413e+00, -7.3603890726326879e+00,
          -4.8850625044125930e+00, -4.4570302565450302e+00,
          -6.2646541654945382e+00, -4.4331855182684174e+00 ]
   - !!opencv-matrix
      rows: 198
      cols: 1
      dt: d
      data: [ -1.9094222338743300e+01, -1.8382857767292279e+01,
          -1.7329185479852022e+01, -1.5987913489481478e+01,
          -1.4164616190373112e+01, -1.1456804895123028e+01,
          -7.8525788505685794e+00, -3.5264444118706035e+00,
          1.4486157647904070e+00, 6.3673141639523632e+00,
          1.0365308793748854e+01, 1.3518678403679713e+01,
          1.5740104085695197e+01, 1.7016888907023208e+01,
          1.7710217763569563e+01, 1.8050204094323128e+01,
          1.8007568266734211e+01, -1.6223226438104373e+01,
          -1.4238391727000907e+01, -1.1470208198425050e+01,
          -8.4186683288155706e+00, -5.4144424214001434e+00,
          2.6116762311098385e+00, 5.4177439128073113e+00,
          8.4050526095129161e+00, 1.1292955228884519e+01,
          1.3620335312598026e+01, -7.5985658001943612e-01,
          -4.9994465549460615e-01, -2.4303491581543291e-01,
          8.6577122290162067e-03, -2.8554910162894398e+00,
          -1.3095596846642550e+00, 2.8165247481175582e-01,
          1.8107800914903376e+00, 3.2591916489711270e+00,
          -1.2196400862195324e+01, -1.0438076128597888e+01,
          -8.2365736807840850e+00, -6.2715368769771125e+00,
          -8.1761953195831829e+00, -1.0226332082464697e+01,
          4.6150676579869074e+00, 6.4403965179682805e+00,
          8.6507226198686187e+00, 1.0582090857138279e+01,
          8.6940458747242815e+00, 6.6187779600335981e+00,
          -5.9033288789517480e+00, -4.5099595005157953e+00,
          -2.3080724121843046e+00, 5.4072690788375855e-01,
          3.3508996259047916e+00, 5.7564855619410009e+00,
          7.4144087513501598e+00, 6.0094815417932992e+00,
          3.9018214092002848e+00, 1.0813915325104539e+00,
          -1.7977062948270042e+00, -4.1411162184893291e+00,
          -2.2882202344764822e+00, 6.8527546135741035e-01,
          3.6413005770364104e+00, 3.8285510727696548e+00,
          9.0819405166420131e-01, -2.1267828403015931e+00,
